world: f686797d-39e9-4ec8-b42b-bc74549738ee
world-name: world
x: 236.48293573055778
y: 63.5
z: -62.261457793442204
yaw: 71.25003051757812
pitch: 3.899991512298584
name: horse-dock
lastowner: 530fa97a-357f-3c19-94d3-0c5c65c18fe8
