world: f686797d-39e9-4ec8-b42b-bc74549738ee
world-name: world
x: 189.71655211223012
y: 167.0
z: -39.8229491983241
yaw: 182.1000213623047
pitch: 9.599996566772461
name: hub
lastowner: 530fa97a-357f-3c19-94d3-0c5c65c18fe8
