world: 4521e3bf-26d1-4ad8-a915-f1713f98ef47
world-name: survival
x: 667.4247119448003
y: 150.0
z: -424.30000001192093
yaw: 181.04998779296875
pitch: 7.499992847442627
name: hub22
lastowner: 530fa97a-357f-3c19-94d3-0c5c65c18fe8
