world: f686797d-39e9-4ec8-b42b-bc74549738ee
world-name: world
x: 544.2931739777767
y: 68.0
z: 515.7618848360563
yaw: 89.61309814453125
pitch: 15.449993133544922
name: Neo-land
lastowner: 530fa97a-357f-3c19-94d3-0c5c65c18fe8
