world: 4521e3bf-26d1-4ad8-a915-f1713f98ef47
world-name: survival
x: 896.1892779698102
y: 69.0
z: 1223.4746602255711
yaw: 270.2999572753906
pitch: 10.200000762939453
name: survivalspawn
lastowner: 530fa97a-357f-3c19-94d3-0c5c65c18fe8
