world: 51bc3387-ceaf-46c0-a90c-7ba2c56f16c7
world-name: waiting_room
x: 0.5
y: 65.0
z: -0.5
yaw: -0.29996949434280396
pitch: 2.3999922275543213
name: waiting_room
lastowner: 530fa97a-357f-3c19-94d3-0c5c65c18fe8
